01001000011001010110110001101100
01101111001000000101011101101111
01110010011011000110010000100001
00001010000000000000000000000000
00000101000000000000000000000000
00000010000000000000000000000000

00001111110000010000001010010111
00000001000000101010001010000011
00001111110000010000001100010111
00000000110000110010001100000011
01000000011000101000001110110011
00000000011000101001001110110011
00000000011000101010001110110011
00000000011000101011001110110011
01000000011000101101001110110011
00000000011000101101001110110011
00000000011000101111001110110011
00000000011000101110001110110011
00000000001000101010001110010011
11111111110100101011001110010011
00000101000000101100001110010011
00001111111100101110001110010011
00000000000000101111001110010011
00000000100000110001001110010011
00000000010000101101001110010011
01000000011000110101001110010011
00000000000000000000011001100011
00000000000000000000000000110011
00000000000000000000000000110011
00000000110000000000001011101111
00000000101000000000100010010011
00000000000000000000000001110011
11111110011000101000110011100011
00000000101000000000001010010011
11111111100000000000001100010011
00001111110000010000001110010111
11111000010100111010111000100011
00001111110000010000001110010111
11111000011000111010110000100011
11111100011000101001111011100011