00000000101000000000010100010011
00000001010000000000010110010011
00000000101101010000011000110011
00000000111100000000010100110011
00000000000100000000100010010011
00000000000000000000000001110011
00000000101000000000010100010011
00000000101100000000100010010011
00000000000000000000000001110011
00000001111000000000011010010011
00000000111100000000011100010011
01000000111001101000011110110011
00000000111100000000010100110011
00000000000100000000100010010011
00000000000000000000000001110011
00000000101000000000010100010011
00000000101100000000100010010011
00000000000000000000000001110011
00000000010000000000010100010011
00000000001000000000010110010011
00000000101101010001011000110011
00000000110000000000010100110011
00000000000100000000100010010011
00000000000000000000000001110011
00000000101000000000010100010011
00000000101100000000100010010011
00000000000000000000000001110011
00000000011100000000011010010011
00000000101100000000011100010011
00000000111001101100011110110011
00000000111100000000010100110011
00000000000100000000100010010011
00000000000000000000000001110011
00000000101000000000010100010011
00000000101100000000100010010011
00000000000000000000000001110011
00000000111100000000100000010011
00000000011100000000100010010011
00000001000110000111010010110011
00000000100100000000010100110011
00000000000100000000100010010011
00000000000000000000000001110011
00000000101000000000100010010011
00000000000000000000000001110011